RankMonth 
341,635 
播放数 
粉红猪小妹 
84,423,309 
妖精的尾巴 
72,147,543 
熊出没之夏日连连看 
36,794,560 
熊出没之冬日乐翻天 
23,309,573 
超级飞侠 
22,052,599 
熊出没熊心归来 
20,522,491 
熊出没之春日对对碰 
20,194,092 
巴啦啦小魔仙音符之谜 
19,644,065 
憨豆先生动画版第2季 
19,574,061 
可可小爱 
17,757,736 
芭比之梦想豪宅全集 
16,953,918 
倒霉熊 
16,535,534 
亲宝儿歌 
15,949,514 
贝瓦儿歌 
14,893,693 
画江湖之灵主 
14,485,590 
臭屁虫第1季 
12,568,581 
海底小纵队 
12,213,492 
猪猪侠9 
11,895,770 
蜡笔小新全集 
11,871,081 
米奇妙妙屋 
10,692,443 
兔小贝儿歌 
9,607,419 
愤怒的小鸟第2季 
9,127,573 
大头儿子和小头爸爸 
9,064,843 
猫和老鼠 
8,880,529 
猪猪侠10 
8,806,448 
艾克斯奥特曼 
8,753,492 
精灵梦叶罗丽3 
8,635,292 
小马宝莉中文版 
8,559,281 
愤怒的小鸟第1季 
8,527,558 
迪迦奥特曼 
8,406,238 
咕力咕力 
7,704,568 
巴啦啦小魔仙 
7,693,719 
臭屁虫第2季 
6,955,084 
名侦探柯南（国语） 
6,838,297 
猪猪侠 
6,611,333 
猪猪侠8 
6,226,238 
起司公主 
6,117,657 
精灵梦叶罗丽 
6,093,683 
小伴龙儿歌 
5,884,391 
我叫白小飞 
5,715,404 
夺宝幸运星4 
5,451,469 
全职猎人（2011） 
5,388,637 
愤怒的小鸟之猪猪传 
5,292,481 
小马宝莉第5季 
5,229,176 
监狱兔第3季 
5,157,750 
芭比之梦想豪宅第4季 
5,005,293 
猪猪侠7 
4,879,303 
可爱巧虎岛 
4,813,569 
喜羊羊与灰太狼之洋洋得意喜羊羊 
4,513,210 
大耳朵图图第5季 
4,469,302 
松鼠小贱 
4,288,405 
中国惊奇先生 
4,278,171 
巨神战击队2 
4,261,699 
铠甲勇士 
4,229,236 
泰罗奥特曼 
4,180,303 
托马斯和他的朋友们 
4,159,007 
快递侠外传 
4,035,179 
神兽金刚2天神地兽 
4,009,332 
疯味英雄 
3,999,622 
闯闯闯！我是闯堂兔！ 
3,963,679 
妖精的尾巴（台湾国语版） 
3,937,397 
铠甲勇士之雅塔莱斯 
3,907,316 
妖精的尾巴ZERO 
3,829,157 
春春成长记 
3,789,946 
RABBYCC之卡罗的心灵世界 
3,683,380 
葫芦小金刚 
3,668,149 
斗龙战士之龙印之战 
3,668,070 
奔波儿灞与灞波儿奔 
3,548,485 
成龙历险记 
3,538,884 
小熊优恩 
3,503,427 
超凡战队之极度动力 
3,502,619 
精灵梦叶罗丽2 
3,384,834 
熊出没配音大赛 
3,288,285 
口水三国 
3,255,640 
爱神巧克力 
3,172,030 
画江湖之不良人 
3,080,201 
辛普森一家第27季 
3,030,243 
比得兔 
3,008,795 
纳米神兵 
2,949,656 
奇积乐园 
2,889,519 
吃饭睡觉打豆豆第3季 
2,879,211 
超级飞侠2 
2,873,059 
熊出没之雪岭熊风 
2,807,631 
超级飞侠英文版 
2,794,737 
航海王 
2,715,169 
功夫兔与菜包狗 
2,700,667 
那年那兔那些事儿第2季 
2,698,371 
小花仙 
2,627,628 
巴啦啦小魔仙之梦幻旋律 
2,608,348 
拖拉机司机 
2,563,329 
奥特曼 
2,545,346 
芭比之梦想豪宅第1季 
2,531,069 
精灵梦叶罗丽1 
2,471,159 
魔晶猎人2 
2,326,680 
时间支配者 
2,287,536 
哆啦A梦全集 
2,283,441 
小医师大玩偶 
2,232,034 
怪物弹珠 
2,206,426 
戴拿奥特曼 
2,170,296 
