RankWeekly 
播放数 
妖精的尾巴 
13,067,051 
熊出没之夏日连连看 
9,693,572 
粉红猪小妹 
9,244,797 
粉红猪小妹第2季 
8,372,922 
贝瓦儿歌 
5,508,685 
粉红猪小妹第4季 
4,449,384 
粉红猪小妹第3季 
4,391,294 
憨豆先生动画版第2季 
3,461,803 
超级飞侠 
3,334,714 
倒霉熊 
2,867,069 
机甲兽神爆裂飞车 
2,712,650 
熊出没之冬日乐翻天 
2,477,279 
蜡笔小新全集 
2,359,825 
超级飞侠2 
2,305,695 
米奇妙妙屋 
2,239,288 
芭比之梦想豪宅全集 
2,235,774 
画江湖之灵主 
2,107,704 
奇积乐园 
2,066,416 
可可小爱 
2,064,695 
熊出没熊心归来 
2,033,687 
臭屁虫第1季 
2,007,293 
巴啦啦小魔仙音符之谜 
1,967,136 
海底小纵队 
1,909,813 
妖精的尾巴ZERO 
1,892,663 
猪猪侠9 
1,810,183 
熊出没之春日对对碰 
1,784,228 
兔小贝儿歌 
1,698,076 
亲宝儿歌 
1,673,175 
粉红猪小妹第1季 
1,569,812 
大头儿子和小头爸爸 
1,311,090 
愤怒的小鸟第2季 
1,291,980 
精灵梦叶罗丽3 
1,282,097 
芭比之梦想豪宅第4季 
1,248,850 
咕力咕力 
1,233,969 
迪迦奥特曼 
1,198,353 
猪猪侠10 
1,178,424 
精灵梦叶罗丽 
1,147,133 
猫和老鼠 
1,071,177 
小伴龙儿歌 
1,041,933 
全职猎人（2011） 
1,041,184 
托马斯和他的朋友们 
1,017,537 
快递侠外传 
1,009,975 
中国惊奇先生 
993,864 
猪猪侠 
982,857 
小马宝莉中文版 
980,209 
巴啦啦小魔仙 
962,411 
名侦探柯南（国语） 
947,487 
一雪 
936,997 
奔波儿灞与灞波儿奔 
936,255 
愤怒的小鸟第1季 
910,981 
那年那兔那些事儿第2季 
890,003 
疯味英雄 
886,314 
臭屁虫第2季 
883,368 
铠甲勇士捕将 
804,401 
猪猪侠7 
769,616 
闯闯闯！我是闯堂兔！ 
765,095 
可爱巧虎岛 
732,471 
猪猪侠8 
685,785 
泰罗奥特曼 
674,972 
RABBYCC之卡罗的心灵世界 
672,428 
监狱兔第3季 
668,715 
妖精的尾巴（台湾国语版） 
664,709 
巨神战击队2 
648,023 
大耳朵图图第5季 
635,499 
愤怒的小鸟之猪猪传 
581,290 
超级飞侠英文版 
572,020 
铠甲勇士之雅塔莱斯 
560,287 
我叫白小飞 
557,386 
喜羊羊与灰太狼之洋洋得意喜羊羊 
554,247 
口水三国 
550,527 
铠甲勇士 
547,882 
夺宝幸运星4 
542,026 
天狼战记 
539,317 
超凡战队之极度动力 
537,280 
葫芦小金刚 
512,926 
起司公主 
505,936 
辛普森一家第27季 
467,630 
成龙历险记 
464,198 
艾克斯奥特曼 
459,735 
灵动蹦蹦兔 
453,648 
小马宝莉第5季 
452,639 
纳米神兵 
450,512 
比得兔 
447,339 
精灵梦叶罗丽2 
443,393 
画江湖之不良人 
434,882 
小花仙 
419,668 
通职者 
398,677 
功夫兔与菜包狗 
385,371 
奥特曼 
384,204 
魔幻车神 
380,976 
妖精的尾巴国语版 
380,932 
哆啦A梦全集 
378,925 
激战奇轮2 
375,472 
芭比之梦想豪宅第2季 
364,818 
快乐酷宝 
362,882 
航海王 
359,097 
爱心小熊 
350,893 
小马宝莉第4季 
350,510 
神兽金刚2天神地兽 
349,929 
十万个冷笑话第3季 
