RankTotal 
一雪 
2,154,616 
播放数 
航海王 
5,968,433,391 
妖精的尾巴 
2,209,498,981 
倒霉熊 
1,537,315,740 
可可小爱 
785,487,305 
贝瓦儿歌 
778,773,237 
熊出没之春日对对碰 
715,088,407 
名侦探柯南（国语） 
714,036,094 
猪猪侠7 
651,080,378 
全职猎人（2011） 
624,461,252 
猪猪侠8 
595,551,452 
巴啦啦小魔仙 
545,358,251 
亲宝儿歌 
511,394,922 
大头儿子和小头爸爸 
424,597,384 
猪猪侠9 
417,525,163 
蜡笔小新全集 
402,080,353 
迪迦奥特曼 
400,804,681 
猫和老鼠 
395,603,528 
海底小纵队 
372,266,676 
妖精的尾巴（台湾国语版） 
369,747,657 
铠甲勇士 
367,874,311 
熊出没之冬日乐翻天 
350,144,384 
兔小贝儿歌 
324,660,499 
臭屁虫第1季 
310,957,419 
神兽金刚2天神地兽 
301,869,852 
粉红猪小妹 
281,130,072 
尸兄 
280,136,530 
巴啦啦小魔仙音符之谜 
262,613,303 
米奇妙妙屋 
236,831,214 
愤怒的小鸟第1季 
229,111,165 
小马宝莉中文版 
214,837,214 
画江湖之不良人 
207,082,077 
愤怒的小鸟第2季 
206,136,179 
猪猪侠6 
200,288,195 
超级飞侠 
196,287,584 
纳米神兵 
185,999,861 
臭屁虫第2季 
180,168,045 
龙珠改魔人布欧篇 
174,690,060 
精灵梦叶罗丽2 
171,988,043 
戴拿奥特曼 
162,871,269 
快乐星猫3 
151,873,513 
猪猪侠10 
150,683,208 
咕力咕力 
149,628,549 
大耳朵图图第5季 
147,207,601 
成龙历险记 
145,806,608 
监狱兔第3季 
145,061,284 
精灵梦叶罗丽1 
144,678,414 
中国惊奇先生 
139,424,332 
果宝特攻 
138,998,634 
十万个冷笑话第2季 
137,713,624 
猪猪侠5 
137,182,630 
斩！赤红之瞳 
133,203,873 
巨神战击队2 
129,629,510 
葫芦小金刚 
127,429,134 
加菲猫的幸福生活 
126,564,830 
芭比之梦想豪宅全集 
125,376,557 
精灵梦叶罗丽3 
120,213,335 
盖亚奥特曼 
120,089,111 
泰罗奥特曼 
119,757,349 
艾克斯奥特曼 
118,611,002 
花园宝宝 
118,501,445 
小花仙 
115,754,615 
进击的小学生 
114,132,680 
巴啦啦小魔仙之梦幻旋律 
111,608,451 
赛尔号第3季 
111,326,445 
托马斯和他的朋友们 
106,554,992 
猪猪侠之终极决战前夜篇 
98,101,642 
愤怒的小鸟之猪猪传 
97,239,094 
铠甲勇士之雅塔莱斯 
96,381,745 
我叫白小飞 
95,832,339 
十万个冷笑话 
93,732,963 
美少女战士Crystal 
92,339,498 
憨豆先生动画版第2季 
92,263,888 
小企鹅Pororo 
90,454,978 
喜羊羊与灰太狼之洋洋得意喜羊羊 
87,758,647 
奥特曼 
87,628,195 
魔晶猎人2 
87,590,033 
蜘蛛侠（电视版） 
84,562,696 
熊出没之夏日连连看 
80,004,695 
魔法禁书目录 
75,576,369 
疯狂小糖 
74,903,665 
起跑线儿歌 
73,261,197 
斗龙战士2 
72,966,954 
功夫兔与菜包狗 
72,664,173 
超神学院第1季 
68,127,347 
飓风战魂2 
66,526,277 
美食大冒险第一季 
66,507,173 
小马宝莉第4季 
64,620,905 
精灵使的剑舞 
64,057,016 
指令宝贝 
63,561,129 
家庭教师 
62,834,735 
小羊肖恩 
61,956,689 
英雄别闹 
60,644,894 
可可小爱第5季 
60,520,458 
哆啦A梦全集 
59,707,448 
辛普森一家第26季 
57,841,323 
果宝特攻2 
57,408,748 
小伴龙儿歌 
55,623,175 
夺宝幸运星3 
55,430,566 
艾可魔法少女 
55,333,754 
画江湖之灵主 
54,884,426 
