RankTotal 
一爱到底 
240,203 
播放数 
欲罪 
106,578,202 
我的P.S.搭档 
103,188,529 
特种部队 
89,024,544 
7电影 
81,286,030 
无人驾驶 
78,107,291 
龙之谷：破晓奇兵 
60,965,565 
西游记之大闹天宫 
57,614,381 
少女 
55,524,738 
花漾 
54,076,849 
想爱就爱 
51,672,441 
怒火攻心2：高压电 
50,664,243 
匆匆那年（独家纪录片） 
48,918,889 
我在路上最爱你 
44,921,660 
特暴龙历险记 
44,289,277 
喜羊羊与灰太狼之喜气羊羊过蛇年 
42,372,765 
震撼性教育 
42,158,584 
疯狂试爱 
41,488,871 
残梦 
40,976,082 
逃出生天 
40,629,072 
方子传 
38,149,802 
怒火攻心 
37,946,211 
撒娇女人最好命 
36,486,389 
道士出山 
36,178,298 
六颗子弹 
36,015,728 
18爱不爱之怦然心动 
35,588,205 
美国处女 
34,157,155 
人再囧途之泰囧（纪录片） 
33,407,402 
有种你爱我 
32,778,001 
埃及艳后 
32,371,138 
野蛮人罗纳尔 
32,141,074 
谜情公寓 
31,652,010 
私人订做 
30,273,308 
炮弹专家 
28,833,401 
穿越火线 
28,185,957 
活死人归来3 
27,133,589 
化妆师 
26,387,165 
初心房间 
26,207,442 
乱世佳人 
26,068,515 
天黑请闭眼（2004） 
26,053,129 
魁拔3 
24,873,192 
全民目击 
23,859,507 
神奇侠侣 
23,446,223 
我老公不靠谱 
23,156,747 
现代豪放女（1956） 
22,873,674 
饥饿游戏2：星火燎原 
22,162,098 
喜羊羊与灰太狼之羊年喜羊羊 
21,028,350 
杀人漫画 
21,019,617 
R2B：返回基地 
20,782,246 
《亲爱的》独家纪录片 
19,995,837 
阳光姐妹淘 
19,566,249 
快递惊魂 
18,406,852 
迷幻牛郎 
18,341,581 
暮光之城1：暮色 
18,087,851 
克隆丈夫 
18,057,566 
功夫小蝇 
17,484,555 
我的机器人女友 
17,152,385 
鬼虐杀 
16,461,975 
致命速递  
16,437,518 
漂亮朋友 
16,349,899 
过界男女 
16,107,493 
拆弹部队 
16,078,794 
摩天楼 
15,929,609 
美色杀人狂2 
15,908,335 
情陷夜巴黎 
15,799,980 
杀手乔（电影） 
15,570,399 
剥皮行者 
15,537,746 
尼斯湖怪 
15,502,312 
双面劳伦斯 
15,178,679 
惊魂眼 
15,082,425 
一夜疯狂 
14,998,555 
迷乐英伦 
14,948,442 
白熊杯子历险记 
14,572,335 
甜心巧克力 
14,254,305 
如沐爱河 
14,245,644 
魁拔1 
14,000,481 
深海狂鲨 
13,959,662 
猜心之人心可畏（分集版） 
13,867,201 
大闹天宫 
13,741,406 
海啸奇迹 
13,452,803 
柠檬的爱情 
13,383,180 
超蛙战士之初露锋芒 
13,220,897 
101次求婚(纪录片) 
13,180,829 
人鬼情未了（2010） 
13,178,387 
叛谍杀机 
13,037,136 
白日杀机 
13,029,929 
过界 
13,004,122 
第二次爱情 
12,991,233 
爱情是狗娘 
12,978,117 
女生部里的秘密 
12,830,756 
奥林匹斯的陷落 
12,769,974 
不是冤家不上床 
12,720,133 
黑暗终结者 
12,716,036 
皇室风流史 
12,612,516 
魔窟 
12,539,232 
禁区2015 
12,411,936 
玩的就是艳遇 
12,196,048 
保姆的私密日记 
12,067,169 
欲望教室 
12,049,496 
柏林 
11,745,400 
龙卷风 
11,730,730 
