RankWeekly 
播放数 
我爱男保姆  
41,111,306 
两个女人的战争  
23,277,998 
热血  
21,946,265 
女医明妃传  
21,680,124 
山海经之赤影传说  
17,598,061 
远得要命的爱情  
17,476,859 
青丘狐传说  
16,609,616 
天伦  
12,516,010 
好运来临  
9,247,189 
生命中的好日子  
8,643,884 
寂寞空庭春欲晚  
8,441,252 
示铃录  
8,349,942 
新萧十一郎  
7,559,009 
女人的天空  
6,167,353 
他来了，请闭眼（搜狐版）  
5,792,065 
高品格单恋  
4,972,747 
琅琊榜  
4,686,408 
无心法师  
4,644,040 
花样排球  
4,551,647 
屌丝男士第4季  
3,895,207 
刀光枪影  
3,770,695 
秦时明月  
3,703,921 
蚂蚱  
3,703,804 
搭错车  
3,647,339 
特种兵之霹雳火  
3,634,859 
大秧歌  
3,583,382 
乡村爱情7  
3,521,591 
杉杉来了  
3,357,291 
匆匆那年：好久不见  
3,295,600 
夜行书生  
3,249,017 
Healer  
3,155,966 
大年初一立春  
3,037,412 
小镇大法官  
2,843,192 
煮妇神探  
2,765,844 
我的铁血金戈梦  
2,688,734 
陨落星辰第5季  
2,384,629 
伪装者  
2,177,103 
制片人  
2,081,987 
你是我的眼  
2,029,464 
乡村爱情5  
1,854,162 
因为爱  
1,845,310 
冰血暴第2季  
1,805,930 
越狱第1季  
1,792,683 
我的博士老公  
1,722,424 
男人四十要出嫁  
1,704,028 
奶爸的爱情生活  
1,628,253 
箭在弦上  
1,608,448 
命中注定我爱你（韩版）  
1,493,884 
裂变  
1,491,076 
神断狄仁杰  
1,428,663 
青丘狐传说未删减版  
1,382,716 
步步惊心  
1,369,496 
嫂子嫂子  
1,358,891 
黑狐  
1,351,994 
花千骨  
1,261,157 
路边新娘  
1,249,739 
越狱第2季  
1,239,649 
雪域雄鹰  
1,234,397 
何以笙箫默  
1,218,549 
美丽的秘密  
1,204,710 
枪侠  
1,200,433 
极品女士第4季  
1,179,932 
屌丝男士第1季  
1,157,501 
拥抱星星的月亮  
1,097,437 
屌丝男士第3季  
1,085,640 
血族第2季  
1,078,142 
夏家三千金  
1,077,097 
生活大爆炸第8季  
983,626 
山海经之赤影传说未删减版  
970,011 
二叔  
961,951 
北上广不相信眼泪  
949,646 
大好时光  
940,326 
封神英雄榜2  
936,814 
永不磨灭的番号  
924,662 
他来了，请闭眼（东方版）  
910,640 
越狱第4季  
890,832 
妻子的谎言  
878,766 
步步惊心未删减版  
866,178 
父母爱情  
840,465 
恋爱相对论  
824,376 
匆匆那年  
820,637 
飞虎神鹰  
816,485 
征服  
810,877 
神枪之倒刺  
805,429 
屌丝男士第2季  
803,398 
纸牌屋第1季  
776,099 
风中奇缘  
755,094 
尼基塔第1季  
733,030 
一不小心爱上你  
731,600 
丧尸国度第1季  
725,570 
虎胆雄心  
724,379 
天天有喜  
722,711 
老婆大人是80后  
718,766 
还珠格格第2部  
709,949 
雪豹  
708,836 
家和万事兴  
698,579 
最美的时光  
672,330 
勇敢的心  
665,140 
铁在烧  
660,943 
青岛往事  
