RankTotal 
虎胆雄心  
2,964,363 
播放数 
花千骨  
2,044,923,720 
古剑奇谭  
1,712,311,788 
杉杉来了  
1,690,336,191 
永不磨灭的番号  
1,576,781,003 
武媚娘传奇  
1,442,357,906 
特种兵之火凤凰  
1,394,801,342 
神雕侠侣（2014）  
1,272,830,110 
屌丝男士第3季  
1,254,788,178 
勇敢的心  
1,196,469,059 
匆匆那年  
1,172,645,590 
屌丝男士第4季  
1,158,257,578 
他来了，请闭眼（搜狐版）  
1,133,407,687 
咱们结婚吧  
1,116,115,842 
何以笙箫默  
1,049,485,557 
无心法师  
1,020,050,552 
因为爱情有奇迹  
982,697,429 
大秧歌  
966,524,435 
屌丝男士第1季  
902,172,995 
天天有喜  
887,249,941 
风中奇缘  
886,964,205 
琅琊榜  
848,667,224 
古剑奇谭未删减版  
828,044,696 
心术  
815,598,753 
特警力量  
803,009,217 
制片人  
795,882,006 
屌丝男士第2季  
795,772,997 
乡村爱情5  
782,354,809 
妻子的谎言  
760,385,455 
产科男医生  
739,502,769 
一不小心爱上你  
735,634,795 
虎妈猫爸  
732,042,534 
剑侠  
723,738,047 
乡村爱情7  
680,037,084 
封神英雄榜  
655,148,554 
少年四大名捕（2015）  
652,492,760 
新济公活佛  
628,646,028 
伪装者  
613,652,542 
锦绣缘华丽冒险  
593,294,490 
封神英雄榜2  
585,140,545 
我爱男闺蜜  
581,730,251 
步步惊情  
575,389,121 
二炮手  
565,597,374 
Healer  
537,858,018 
浮沉  
532,167,084 
烽火佳人  
506,259,063 
偏偏喜欢你  
505,530,609 
相爱十年  
500,024,518 
夏家三千金  
491,183,424 
大丈夫  
479,713,509 
步步惊心未删减版  
472,382,606 
大汉情缘之云中歌  
467,420,992 
生活启示录  
457,646,043 
秦时明月  
448,892,566 
我的特一营  
446,777,827 
活色生香  
444,425,151 
极品女士第3季  
443,629,298 
把爱带回家  
443,232,763 
苍狼  
427,703,143 
北上广不相信眼泪  
424,023,168 
最美的时光  
420,316,000 
金玉良缘  
416,349,018 
满仓进城  
412,831,178 
命中注定我爱你（韩版）  
401,463,933 
英雄使命  
394,934,638 
爱情睡醒了  
393,605,485 
我的经济适用男  
386,938,961 
煮妇神探  
386,763,470 
杜拉拉升职记（电视版）  
382,063,265 
两生花  
379,619,055 
冰与火的青春  
375,398,634 
飞虎神鹰  
365,558,100 
双城生活  
364,861,732 
平凡的世界  
359,762,146 
大好时光  
359,471,360 
恋恋不忘  
353,660,121 
男人四十要出嫁  
345,657,405 
女医明妃传  
341,739,023 
情定三生  
341,292,422 
爱情面前谁怕谁  
340,324,096 
收获的季节  
339,773,750 
第二次人生  
338,722,695 
美人天下  
337,689,342 
父母爱情  
337,389,606 
犀利仁师未删减版  
337,335,771 
老兵（2014）  
337,134,655 
轩辕剑之天之痕（湖南卫视版）  
334,204,930 
妻子的秘密  
329,261,582 
门第  
328,821,688 
无懈可击之高手如林  
323,341,612 
刀客家族的女人  
320,349,528 
潜伏  
319,501,542 
绝地枪王  
317,626,931 
幸福从天而降  
313,278,860 
箭在弦上  
302,487,322 
抓住彩虹的男人  
301,726,193 
尼基塔第1季  
300,424,052 
爱情回来了  
294,624,156 
青春烈火  
290,700,179 
无懈可击之蓝色梦想  
282,825,901 
匆匆那年：好久不见  
276,959,451 
