RankMonth 
654,973 
播放数 
寂寞空庭春欲晚  
217,244,830 
女医明妃传  
128,472,536 
煮妇神探  
119,470,511 
特种兵之霹雳火  
113,726,290 
新萧十一郎  
86,406,253 
匆匆那年：好久不见  
82,376,543 
青丘狐传说  
75,789,600 
搭错车  
63,899,122 
他来了，请闭眼（搜狐版）  
61,012,379 
秦时明月  
57,500,260 
大年初一立春  
56,259,449 
制片人  
48,275,098 
夜行书生  
37,121,605 
刀光枪影  
33,642,798 
示铃录  
32,388,425 
无心法师  
31,586,540 
高品格单恋  
30,468,313 
琅琊榜  
29,719,331 
你是我的眼  
27,817,148 
大秧歌  
26,801,141 
杉杉来了  
24,490,079 
奶爸的爱情生活  
22,870,642 
嫂子嫂子  
22,325,171 
美丽的秘密  
20,937,661 
Healer  
20,901,961 
屌丝男士第4季  
19,031,841 
枪侠  
17,839,284 
我的铁血金戈梦  
17,140,130 
花火  
16,444,648 
天天有喜  
16,375,177 
拥抱星星的月亮  
16,224,742 
花千骨  
14,765,532 
伪装者  
14,725,782 
老婆大人是80后  
14,484,593 
陨落星辰第5季  
14,033,990 
乡村爱情7  
14,010,252 
爸爸快长大  
13,839,530 
我的博士老公  
13,231,953 
战地狮吼  
11,607,621 
婚姻攻防战之爱要付出  
10,486,186 
极品女士第4季  
9,957,220 
俺娘田小草  
9,736,105 
北上广不相信眼泪  
9,554,014 
家和万事兴  
9,413,708 
大好时光  
9,368,565 
血族第2季  
9,122,827 
何以笙箫默  
8,671,585 
温州两家人  
8,189,145 
匆匆那年  
8,007,989 
征服  
7,918,732 
传世第2季  
7,898,437 
激战  
7,821,612 
继父回家  
7,643,468 
末日孤舰第2季  
7,502,821 
神雕侠侣（2014）  
7,112,875 
越狱第1季  
7,030,812 
屌丝男士第3季  
6,826,807 
戴流苏耳环的少女  
6,821,681 
屌丝男士第1季  
6,806,780 
花样排球  
6,698,907 
他来了，请闭眼（东方版）  
6,467,515 
特种兵之火凤凰  
6,248,379 
生活大爆炸第8季  
6,203,636 
封神英雄榜2  
6,188,299 
幸福归来  
6,180,310 
乡村爱情5  
6,147,786 
私房钱  
5,953,426 
路边新娘  
5,483,332 
父母爱情  
5,306,991 
青岛往事  
5,162,687 
屌丝男士第2季  
5,147,977 
勇敢的心  
5,139,374 
爱情碟中谍  
5,065,934 
越狱第2季  
5,009,209 
黑狐  
5,004,230 
神断狄仁杰  
4,913,721 
命中注定我爱你（韩版）  
4,900,084 
桃花运  
4,527,649 
丧尸国度第1季  
4,406,113 
妈祖  
4,339,113 
家和万事兴之花好月圆  
4,226,796 
大汉情缘之云中歌  
4,160,658 
飞虎神鹰  
4,036,737 
越狱第4季  
3,902,780 
家有儿女  
3,833,885 
血族第1季  
3,660,333 
决杀  
3,537,936 
夏家三千金  
3,537,453 
男人四十要出嫁  
3,483,382 
箭在弦上  
3,467,982 
雪豹  
3,435,346 
鄂尔多斯风暴  
3,353,096 
特警力量  
3,251,876 
还珠格格第2部  
3,177,418 
雪域雄鹰  
3,161,519 
猎鹰1949  
3,104,795 
永不磨灭的番号  
3,004,845 
满仓进城  
2,995,907 
生活启示录  
2,970,357 
