RankMonth 
106,269 
播放数 
对口型大作战 
80,111,332 
搜狐视频娱乐播报2016年第1季 
77,893,862 
宋小宝作品集锦 
35,368,293 
了不起的挑战 
32,249,875 
闪亮的爸爸 
22,187,956 
四大名助 
19,868,306 
金星脱口秀 
14,938,543 
爱情保卫战 
13,982,563 
2016猴年春晚相声小品集 
11,084,367 
欢乐喜剧人第二季 
11,033,223 
一周好莱坞 
10,271,358 
鲁豫有约 
7,596,092 
浙江卫视王牌对王牌 
6,729,526 
缘来非诚勿扰 
6,141,792 
笑傲江湖第二季 
5,653,919 
赵家班春晚小品集锦 
5,046,081 
WAKOO！娱小姐第二季 
5,010,389 
北京卫视二胎时代 
4,985,323 
非常完美 
4,887,872 
诗歌之王 
4,228,534 
中国好歌曲第二季 
4,227,847 
我是歌手第四季 
4,112,419 
对口型大作战独家未播 
4,100,841 
最强大脑第三季 
4,053,951 
快乐大本营 
3,930,967 
舔屏嘿嘿嘿 
3,496,855 
WWE美式经典摔跤娱乐秀 
3,489,465 
非你莫属 
3,480,138 
2016辽宁卫视猴年春晚 
3,408,479 
音乐大师课第二季 
3,357,800 
搜狐视频韩娱播报 
3,202,818 
对口型大作战独家策划 
3,094,383 
奔跑吧兄弟第三季 
2,951,517 
艾伦秀第13季 
2,764,998 
辣妈学院开课啦 
2,703,844 
2015羊年春晚相声小品集 
2,666,871 
奔跑吧兄弟第二季 
2,634,676 
岳云鹏相声集锦 
2,632,736 
小沈阳晚会小品集锦 
2,424,551 
苗阜王声相声集 
2,313,094 
2016湖南卫视小年夜春晚 
2,260,682 
一周娱乐圈 
2,255,121 
对口型大作战视频报道 
2,243,144 
THE KELLY SHOW第1季 
2,136,822 
搜狐视频综艺饭 
1,982,789 
刘小光小品集锦 
1,936,664 
中国好歌曲第二季-金曲联唱 
1,910,449 
武林风 
1,877,648 
2016湖南卫视元宵喜乐会 
1,840,438 
中国好歌曲第三季 
1,728,637 
Jessica&Krystal; 
1,726,189 
郭德纲晚会相声集锦 
1,694,127 
妈妈咪呀第四季 
1,688,740 
旋风孝子 
1,551,044 
2016辽宁卫视猴年元宵晚会 
1,548,725 
欢乐喜剧人第一季 
1,491,080 
2016北京卫视猴年春晚 
1,460,384 
THE KELLY SHOW第2季 
1,430,285 
奔跑吧兄弟第一季 
1,423,303 
金星脱口秀-视频报道 
1,419,623 
我们相爱吧第二季 
1,403,411 
今晚80后脱口秀 
1,403,380 
搜狐视频娱乐播报2015年第4季 
1,359,906 
挑战者联盟 
1,331,122 
爸爸去哪儿第一季 
1,314,716 
我是大美人 
1,282,860 
东方卫视猴年名嘴贺岁 
1,247,698 
赵本山春晚小品集锦 
1,171,641 
爸爸回来了第二季 
1,167,161 
超级访问 
1,124,607 
世界青年说 
1,123,415 
二十四小时 
1,119,835 
西游奇遇记 
1,078,682 
尚流社会 
1,036,124 
养生堂1 
1,022,987 
蒙面大咖 
982,696 
非常静距离 
973,651 
中国之星 
971,073 
一站到底 
908,149 
新闻大求真 
892,061 
2016山东卫视猴年春晚 
886,198 
中国好声音第二季 
846,436 
笑动2016 
786,832 
2016东方卫视猴年春晚 
750,007 
艾伦秀-深度追踪 
749,796 
金牌调解 
748,892 
我是歌手第四季热门推荐  
732,765 
大王小王 
710,080 
开心麻花作品集 
699,263 
中国好歌曲第一季 
695,763 
全员加速中 
653,976 
我是歌手第三季 
634,312 
梨园春 
633,541 
女婿上门了 
627,017 
男生女生向前冲 
615,760 
2016央视猴年春晚热门推荐 
608,168 
奔跑吧兄弟-第三季视频报道 
606,227 
安徽卫视美丽俏佳人 
579,940 
中国好歌曲第二季-学员金曲 
572,686 
