RankTotal 
搜狐视频娱乐播报2015年第3季 
565,633 
播放数 
缘来非诚勿扰 
1,297,200,644 
大鹏嘚吧嘚 
1,026,713,750 
金星脱口秀 
995,543,851 
快乐大本营 
968,326,139 
中国好声音第二季 
903,657,825 
奔跑吧兄弟第二季 
708,394,428 
说出你的故事 
707,920,533 
非常静距离 
650,742,964 
奔跑吧兄弟第一季 
531,608,665 
爱情保卫战 
518,647,697 
中国好声音第一季 
437,577,662 
爸爸去哪儿第一季 
420,080,056 
搜狐视频娱乐播报2015年第3季 
406,842,061 
挑战者联盟 
395,265,761 
非你莫属 
366,818,409 
宋小宝作品集锦 
357,287,287 
搜狐视频娱乐播报2015年第4季 
354,316,590 
非常完美 
352,259,115 
天天向上 
331,625,476 
康熙来了 
263,839,210 
极速前进中国版第一季 
262,981,643 
中国好歌曲第二季 
254,344,242 
最佳现场 
241,017,178 
搜狐视频娱乐播报2016年第1季 
236,361,973 
超级访问 
218,996,595 
极速前进中国版第二季 
208,880,536 
爸爸回来了第一季 
200,102,523 
武林风 
192,366,162 
爸爸回来了第二季 
180,514,797 
今晚80后脱口秀 
180,176,716 
我们约会吧+ 
179,959,407 
真心英雄 
178,935,560 
极限挑战第一季 
169,175,525 
WWE美式经典摔跤娱乐秀 
168,719,565 
搜狐视频娱乐播报周末版 
156,179,463 
百变大咖秀 
149,793,313 
年代秀 
147,605,791 
2011快乐女声 
144,855,020 
隐秘而伟大第1季 
144,326,897 
2011中国达人秀 
143,068,127 
爸爸去哪儿-第一季视频报道 
140,304,901 
本山快乐营2013 
138,765,673 
爸爸去哪儿第二季 
132,199,181 
一周好莱坞 
131,537,018 
一站到底 
130,491,143 
对口型大作战 
127,862,173 
搜狐视频韩娱播报 
127,809,428 
爱笑会议室 
122,329,243 
鲁豫有约 
118,548,038 
搜狐视频综艺饭 
117,419,599 
今夜有戏 
114,635,286 
笑傲江湖第二季 
113,443,858 
壹周立波秀 
112,343,710 
中国达人秀第四季 
105,355,045 
笑傲江湖第一季 
102,656,092 
非常了得 
99,258,527 
先锋人物 
98,972,951 
我是歌手第二季 
95,546,173 
金牌调解 
93,071,059 
Jessica&Krystal; 
92,393,255 
一路上有你第一季 
89,715,600 
欢乐喜剧人第一季 
88,994,836 
了不起的挑战 
87,545,617 
中国好声音-第三季视频报道 
82,927,208 
真爱在囧途 
81,317,076 
搜狐视频世界杯特别报道 
80,672,970 
舞林争霸 
78,523,754 
超级演说家第二季 
77,758,065 
养生堂1 
77,427,138 
可凡倾听 
77,270,625 
百里挑一 
76,139,721 
爱情连连看 
74,168,561 
我是歌手第三季 
73,375,225 
职来职往 
72,686,086 
腾飞说三国 
72,522,947 
中国好歌曲第二季-学员金曲 
70,935,503 
中国好声音对战最强音 
70,093,746 
中国好歌曲第二季-视频报道 
69,295,850 
中韩梦之队 
68,829,682 
小沈阳晚会小品集锦 
67,242,818 
养生堂 
66,713,838 
THE KELLY SHOW第1季 
66,206,143 
我是大美人 
66,069,873 
花儿与少年第一季 
65,896,895 
热播精选 
64,909,129 
2015羊年春晚相声小品集 
62,666,439 
奔跑吧兄弟第三季 
62,009,129 
明星同乐会 
60,347,780 
郭德纲晚会相声集锦 
59,377,275 
爸爸去哪儿第三季 
58,545,183 
如果爱第一季 
58,256,119 
快乐生活一点通 
58,069,170 
隐秘而伟大第2季 
57,057,183 
柯南秀 
56,518,014 
奥运董董锵 
55,901,493 
爸爸去哪儿-第一季独家策划 
55,044,703 
一周娱乐圈 
54,892,410 
中国好声音-第二季独家策划 
54,869,643 
刘小光小品集锦 
53,921,898 
我爱记歌词 
53,471,576 
